transporttid
20
50
25
14
10
11
35
20
120
30
30
5
180
60
20
25
120
30
20
50
30
20
40
60
5
10
60
40
30
20
25
25
20
10
15
5
15
10
25
18
15
10
45
20
15
20
20
20
50
12
30
45
8
10
10
30
30
60
27
30
6
55
20
10
15
15
20
35
20
30
25
40
25
15
1
45
35
5
10
5
10
30
10
15
30
15
35
17
20
5
50
15
30
15
35
70
20
65
3
25
20
15
20
7
0
60
45
2
15
90
90
30
30
15
15
25
30
45
15
64
25
45
4
55
15
20
40
30
30
25
20
10
25
10
25
10
13
25
20
15
15
5
15
15
12
30
15
40
15
15
20
25
4
30
15
1
25
30
15
20
5
15
40
45
45
25
70
10
8
40
3
11
10
30
20
5